5 0.12981909999999885 0.12103189999999842
10 9.90999999999076e-05 1.609999999629963e-05
20 5.8099999996841234e-05 1.1999999998124622e-05
50 0.00014649999999960528 4.3000000005122274e-05
100 0.0004404999999962911 0.00015719999999674883
200 0.001244200000002138 0.0006489999999956808
500 0.008156100000000777 0.005017600000002176
1000 0.03926519999999556 0.033981500000002995
2000 0.17801930000000254 0.24773090000000053
5000 1.1889287999999993 3.6388584999999978
10000 5.045174000000003 28.655825999999998
