5 0.14232690000000048 0.10050340000000091
10 0.0016706000000041854 0.00011409999999756337
50 0.0013276999999973782 0.0003942000000023427
100 0.002087099999997122 0.00012499999999704414
500 0.0020256999999972436 0.00015160000000236096
1000 0.0030166000000022564 0.0004004999999978054
5000 0.003243899999993971 0.0005107000000066364
10000 0.004112700000000302 0.0006771000000043159
50000 0.014407600000005516 0.002660899999995081
100000 0.024014900000004502 0.005285199999995882
500000 0.08659690000000353 0.022593799999995667
1000000 0.2143402000000023 0.04461510000000146
5000000 0.7958654999999979 0.23994569999999982
10000000 1.5974489000000034 0.43972389999999706
50000000 7.8308581 2.245935899999992
