5 0.12480150000000378 0.08593009999999879
10 0.0016184999999921956 0.00011360000000593118
50 0.001209700000003977 0.000282699999999636
100 0.0018527000000005955 0.00012390000000550572
500 0.001976400000003764 0.0001546000000018921
1000 0.002388000000010493 0.00018839999999897827
5000 0.0031126000000085696 0.00035760000000095715
10000 0.004311800000010635 0.0006764999999973043
50000 0.012166399999998134 0.0026128000000085194
100000 0.02414720000000159 0.005962199999999029
500000 0.08880860000000723 0.02241219999999089
1000000 0.16425479999999482 0.04496079999999836
5000000 0.8330018999999993 0.2204246000000012
10000000 1.6061215999999945 0.45065910000000997
50000000 7.859132599999995 2.2769387999999964
