5 0.12329119999999705 0.09638400000000047
10 0.0021442999999976564 0.00019129999999734082
50 0.001974000000004139 0.00021279999999990196
100 0.0017672999999973626 0.0001234000000067681
500 0.002052100000000223 0.0001514999999869815
1000 0.0026371999999952322 0.00018289999999865358
5000 0.0024884999999983393 0.0007690999999994119
10000 0.003766900000002238 0.0004868999999985135
50000 0.013489599999999768 0.0026640000000099917
100000 0.02324680000000967 0.0056589999999943075
500000 0.08757070000000056 0.022208100000000286
1000000 0.1648251000000016 0.044466299999996295
5000000 0.8135817000000003 0.21715480000000298
10000000 1.5875610999999878 0.44058040000001597
50000000 7.7968000999999845 2.47496670000001
