5 0.11714310000000694 0.08357999999999777
10 0.00024129999999900065 1.7299999996112092e-05
20 0.00024129999999900065 7.200000000295859e-05
50 0.00012010000000373111 3.5499999995636244e-05
100 0.00034829999999885786 0.0001371000000034428
200 0.0012213999999914904 0.0007697000000064236
500 0.006635000000002833 0.006458699999996043
1000 0.036513900000002764 0.03283249999999782
2000 0.1707213999999908 0.23714689999999905
5000 1.1860224999999929 3.633752300000012
10000 5.008359299999995 29.090887699999996
