5 0.12910039999999867 0.09006429999999455
10 0.001905599999986407 0.0001349000000061551
50 0.0010696000000081085 0.00011539999999854444
100 0.0021952999999967915 0.00014219999999909305
500 0.0017148000000020147 0.00015530000000296695
1000 0.0013761000000016566 0.00027219999999772426
5000 0.0029456000000038784 0.0003645999999974947
10000 0.004920499999997219 0.0010072999999977128
50000 0.016333199999991166 0.0030145000000061373
100000 0.030320899999992434 0.006406200000000695
500000 0.09039710000000412 0.022141899999994052
1000000 0.16484100000000979 0.04485319999999149
5000000 0.7932478000000032 0.21713760000000093
10000000 1.5739571000000012 0.4524187999999896
50000000 7.759915100000001 2.3255888000000056
