5 0.09996519999998554 0.08503239999998868
10 7.209999998281091e-05 1.810000000546097e-05
20 4.160000000297259e-05 7.999999979801942e-06
50 9.629999999560823e-05 3.269999999133688e-05
100 0.0003878999999926691 0.0001560000000040418
200 0.0009063999999909811 0.0005354000000181713
500 0.006430699999981471 0.004942700000015066
1000 0.037051099999985126 0.032760200000012674
2000 0.17808260000001042 0.23860840000000394
5000 1.1807900999999958 3.6085115999999857
10000 5.0629121999999995 28.44936340000001
