5 0.12624160000000018 0.1002937000000017
10 0.0015971999999990771 0.00011749999999821625
50 0.0013119999999986476 0.00032150000000186196
100 0.002048500000000786 0.00012449999999830652
500 0.0022327000000004205 0.0001485999999992771
1000 0.002269399999999422 0.00016910000000081027
5000 0.002821100000002019 0.0003338999999975556
10000 0.0040386999999988404 0.0008672000000018443
50000 0.013103099999998591 0.002561400000001157
100000 0.025114399999999648 0.004903199999997554
500000 0.08553579999999883 0.02202400000000182
1000000 0.2005219000000018 0.04467149999999975
5000000 0.7783175 0.2275689000000014
10000000 1.5887993000000016 0.45386530000000036
50000000 7.720367799999998 2.284297600000002
