5 0.1197296999999935 0.10163180000000693
10 0.002068199999996523 0.00019500000000505224
50 0.0019005000000049677 0.00031180000000574637
100 0.0018888999999973066 0.00012499999999704414
500 0.0019709999999975025 0.0001546999999959553
1000 0.0021034000000099695 0.00017729999999005486
5000 0.0030418000000054235 0.00034429999999474603
10000 0.004079799999999523 0.0007075999999983651
50000 0.012993199999996818 0.0028755999999958703
100000 0.02258030000000133 0.004889800000000832
500000 0.08632029999999702 0.0222030999999987
1000000 0.18429139999999222 0.04452430000000618
5000000 0.7732012000000026 0.23015669999999488
10000000 1.5743532000000044 0.4520326999999895
50000000 7.860166000000007 2.307179899999994
