5 0.1000504999999805 0.0837599000000182
10 0.00010459999998602143 1.54000000236465e-05
20 6.159999998089916e-05 1.1599999993450183e-05
50 9.000000000014552e-05 5.649999999945976e-05
100 0.0005524000000036722 0.00018510000001015214
200 0.0011379000000033557 0.0006011999999770978
500 0.00781449999999495 0.004851900000005571
1000 0.036686000000003105 0.033054699999979675
2000 0.18001940000002037 0.2508074999999792
5000 1.1855539999999962 3.6484212999999954
10000 5.012957699999987 28.860641000000015
