5 0.1330404999999999 0.08112460000000254
10 0.002078199999999697 0.0001928000000006591
50 0.0017764999999982933 0.0003150000000005093
100 0.001992199999996558 0.00018630000000285918
500 0.0021641000000016675 0.00014789999999464953
1000 0.002329199999998366 0.00017770000000183472
5000 0.0027052000000011844 0.00032929999999709025
10000 0.005564500000005523 0.0012175999999968212
50000 0.012417400000003909 0.0029508999999947605
100000 0.023645500000000652 0.005004299999995965
500000 0.08731300000000175 0.022542000000001394
1000000 0.1658074000000056 0.044326599999997995
5000000 0.8144009000000025 0.21888080000000087
10000000 1.579948299999998 0.4408358999999962
50000000 7.854155200000001 2.2361501999999973
