5 0.10705950000000541 0.0842687999999896
10 9.799999999415832e-05 1.5900000008173265e-05
20 5.020000000399705e-05 1.0500000001911758e-05
50 0.00016650000000595355 4.319999999324864e-05
100 0.00037560000001235494 0.00014999999999076863
200 0.0012035000000025775 0.000503599999987614
500 0.006454700000006142 0.006027399999993577
1000 0.03722489999999823 0.03300980000000209
2000 0.17080500000000143 0.24034580000000005
5000 1.1885248000000104 3.617720399999996
10000 4.999545499999996 28.604582899999997
