5 0.12266479999999547 0.09907830000000217
10 0.0015714999999971724 0.00011800000000050659
50 0.0012411999999955015 0.00029000000000678483
100 0.0018824999999935699 0.00012040000000013151
500 0.0021631999999982554 0.0001563000000004422
1000 0.0023268999999999096 0.0003317000000038206
5000 0.002465899999990029 0.0006873000000098273
10000 0.003918200000001093 0.000676299999994967
50000 0.013253399999996418 0.0025849000000022215
100000 0.023636600000003227 0.005604299999987461
500000 0.0864237999999915 0.02247549999999876
1000000 0.16636640000000114 0.04531260000000259
5000000 0.8038094000000058 0.21857239999999933
10000000 1.5670003999999977 0.44683599999999046
50000000 7.80743129999999 2.308774800000009
