5 0.001828200000000002 0.00016129999999997535
10 0.0013547999999999893 0.0001255000000000006
50 0.0016926999999999914 0.0002455000000000096
100 0.0018120999999999832 0.00011909999999998311
500 0.0019360999999999962 0.0001482999999999901
1000 0.002516100000000021 0.00034449999999996983
5000 0.0029539000000000093 0.00034210000000001184
10000 0.003791700000000009 0.0007021999999999862
50000 0.014076399999999989 0.0027482999999999813
100000 0.02508569999999999 0.005275799999999997
500000 0.08945730000000002 0.022583699999999984
1000000 0.16441929999999993 0.044563600000000037
5000000 0.8796518999999999 0.21670159999999994
10000000 1.5641178999999998 0.4483579
50000000 7.8828175 2.266240399999999
