5 0.12383719999999876 0.08925340000000048
10 0.0020990000000011833 0.00019539999999906854
50 0.0023379999999999512 0.00020379999999953213
100 0.0019629000000005448 0.00012489999999942825
500 0.0020833000000006763 0.00014439999999993347
1000 0.0021081999999985612 0.00016650000000062448
5000 0.0027053000000005767 0.0003422000000004033
10000 0.0049714999999999065 0.0011929999999988894
50000 0.013463500000000295 0.0033439000000008434
100000 0.025304499999998953 0.00574779999999997
500000 0.08460950000000089 0.022392599999999874
1000000 0.20949360000000006 0.04446760000000083
5000000 0.7727447999999999 0.2259732999999997
10000000 1.5716660000000005 0.44778149999999783
50000000 7.852421400000001 2.4375558999999996
