5 0.10611889999995583 0.08083290000001853
10 0.00010009999999738284 1.5100000041456951e-05
20 5.9399999997822306e-05 1.150000002780871e-05
50 8.95000000014079e-05 6.079999997155028e-05
100 0.0004615999999941778 0.0001461999999605723
200 0.0011458000000175161 0.0006538000000091415
500 0.0064825000000041655 0.004938199999969584
1000 0.035578499999985524 0.032703700000013214
2000 0.17438860000004297 0.24467559999999366
5000 1.1864369999999553 3.5989494000000377
10000 5.00691519999998 28.66264640000003
