5 0.10705960000001369 0.08147420000000238
10 9.789999998588428e-05 1.990000001228509e-05
20 5.7099999992260564e-05 1.2200000014672696e-05
50 0.00014999999999076863 4.1199999998298154e-05
100 0.0003758999999945445 0.0001533999999878688
200 0.001182499999998754 0.0005851999999890722
500 0.006264999999984866 0.004855900000023894
1000 0.03712970000000837 0.03140700000000152
2000 0.16933629999999766 0.23593040000000087
5000 1.1873653000000104 3.572839700000003
10000 4.995902999999998 28.514695300000028
